image: 709.pgm
resolution: 0.05000000074505806
origin: [-5.279770660400391, -3.0281240463256838, 0.0]
negate: 0
occupied_thresh: 0.65
free_thresh: 0.196
