image: 709haha.pgm
resolution: 0.05000000074505806
origin: [-2.3816457748413087, -6.904636383056641, 0.0]
negate: 0
occupied_thresh: 0.65
free_thresh: 0.196
